0.0 103.5276180410083 103.5276180410083 0.0 93.5276180410083 0.0 113.5276180410083 0.0
0.30612244897959184 103.52731155808922 103.52583391685879 0.5531277109745653 93.52597664646396 0.4996995186792205 113.5256911872536 0.6065559032699099
0.6122448979591837 103.52519365756125 103.51928325573407 1.1062170016128483 93.51985417008046 0.9993621421791173 113.51871234138768 1.2130718610465794
0.9183673469387755 103.51957093353657 103.50627340986085 1.659195909663687 93.50755795186154 1.4989174333619495 113.50498886786016 1.8194743859654243
1.2244897959183674 103.5089783845154 103.4853411549804 2.2119611758342557 93.48762474717732 1.99826365796124 113.48305756278349 2.425658693707271
1.5306122448979593 103.49228033744289 103.45535391493814 2.7643870529952745 93.45892195135441 2.497276593743452 113.45178587852186 3.031497512247097
1.836734693877551 103.46873223424745 103.41557167589016 3.3163360974468 93.42070951388328 2.9958203217302484 113.41043383789705 3.636851873163352
2.142857142857143 103.43803534696117 103.3657016241456 3.867671675219662 93.37269457626161 3.493759732456406 113.35870867202958 4.2415836179829185
2.4489795918367347 103.4001575285462 103.30571879559821 4.418262220936786 93.31485212142722 3.9909647847876184 113.2965854697692 4.845559657085954
2.7551020408163267 103.35509559979664 103.23562849867176 4.967976945129099 93.24718739670494 4.487306213192891 113.22406960063857 5.448647677065307
3.0612244897959187 103.30285449727599 103.15544546130812 5.516685505306804 93.16971506079645 4.982655198772315 113.14117586181978 6.050715811841294
3.36734693877551 103.2434296370324 103.06517621318096 6.0642571979443405 93.08244156599596 5.476882561198531 113.04791086036596 6.651631834690149
3.673469387755102 103.17682348734766 102.9648356378133 6.610561777745551 92.98538171030992 5.969859577938422 112.94428956531665 7.25126397755268
3.979591836734694 103.10303745866847 102.85443886991573 7.15546909422161 92.8785505347978 6.461457620787565 112.83032720503365 7.8494805676556565
4.285714285714286 103.02206626181965 102.73399566973768 7.698848653212583 92.76195769792588 6.95154771734834 112.70603364154948 8.446149589076825
4.591836734693878 102.93391589119973 102.6035283609314 8.240570889454306 92.63562541343424 7.440001823553371 112.57143130842856 9.041139955355238
4.8979591836734695 102.83858282069193 102.46305107785263 8.780505702160454 92.49956769764056 7.9266913592041695 112.4265344580647 9.63432004511674
5.204081632653061 102.73606740290792 102.3125831290183 9.318523428234684 92.35380373290114 8.411488181139863 112.27136252513546 10.225558675329507
5.510204081632653 102.62637281135282 102.15214793415807 9.854494855275941 92.19835680466609 8.894264596199124 112.10593906365004 10.814725114352758
5.816326530612245 102.50949572563316 101.98176374841958 10.388290363920982 92.03324502568837 9.374892503519321 111.93028247115079 11.401688224322642
6.122448979591837 102.38556963753764 101.8015861666952 10.919795050640746 91.85862384035467 9.853258517289545 111.74454849303574 11.986331583991948
6.428571428571429 102.25511247889527 101.61215379428509 11.448940097584327 91.67503169535266 10.329295336551247 111.54927589321751 12.568584858617404
6.73469387755102 102.11906999282216 101.41443010218484 11.975718068156759 91.48343189496329 10.802997040732741 111.34542830940639 13.148439095580777
7.040816326530613 101.97875700936504 101.20974362640695 12.500187048684325 91.28515280038692 11.274423231271214 111.13433445242697 13.725950866097433
7.346938775510204 101.83576265416922 100.99969245047927 13.022468286192174 91.08179231224682 11.743696669347115 110.91759258871174 14.301239903037235
7.653061224489796 101.69185538683908 100.78604875932523 13.542740767684634 90.87512242447453 12.210997855121223 110.69697509417593 14.874483680248046
7.959183673469388 101.54886103164326 100.57063694317009 14.061229024130977 90.6669673282217 12.676552831677236 110.47430655811847 15.445905216584716
8.26530612244898 101.40854804818613 100.35521934251545 14.57818808895282 90.45908915684021 13.140618143466002 110.25134952819072 16.015758034439635
8.571428571428571 101.27250556211303 100.14137534887314 15.09388373031656 90.25306708662185 13.603461068554815 110.02968361112443 16.584306392078304
8.877551020408163 101.14204840347065 99.93040780778253 15.608572984750197 90.05020373982207 14.06534015220114 109.810611875743 17.151805817299255
9.183673469387756 101.01812231537514 99.72325014447108 16.122481718002938 89.85143231032659 14.526482767669147 109.59506797861559 17.71848066833673
9.489795918367347 100.90124522965547 99.5204096726419 16.63578514782502 89.65725987244575 14.987065638966502 109.38355947283806 18.28450465668353
9.795918367346939 100.79155063810038 99.32201198222488 17.148603903394847 89.46781176867246 15.44721090022852 109.17621219577731 18.84999690656117
10.10204081632653 100.68903522031637 99.12804635798416 17.661037309497264 89.28307702829663 15.907019379853446 108.97301568767168 19.41505523914108
10.408163265306122 100.59370214980856 98.93850734204703 18.17318566273138 89.1030499299415 16.36659287666739 108.77396475415256 19.97977844879537
10.714285714285715 100.50555177918865 98.75338555204303 18.685148660064492 88.92772081971015 16.826032588435346 108.57905028437591 20.54426473169364
11.020408163265307 100.42458058233983 98.5726666575828 19.197025112030545 88.75707508767215 17.285438825016822 108.38825822749345 21.10861139904427
11.326530612244898 100.35079455366063 98.39634454009044 19.70891546226786 88.5911063277039 17.744913527860763 108.20158275247698 21.672917396674954
11.63265306122449 100.28418840397589 98.22440086804897 20.220917831714605 88.4297959127423 18.20455631415827 108.01900582335564 22.23727934927094
11.938775510204081 100.22476354373231 98.05682275283932 20.733131432933764 88.27313065063217 18.664467891124854 107.84051485504648 22.80179497474267
12.244897959183675 100.17252244121165 97.89359720111787 21.245655538494052 88.12109723651243 19.124749024338684 107.6660971657233 23.36656205264942
12.551020408163266 100.1274605124621 97.73470319400472 21.75858773575298 87.97367433201332 19.585498792481033 107.49573205599613 23.931676679024925
12.857142857142858 100.08958269404712 97.58012788705736 22.272027420377132 87.83084876523912 20.046818080813985 107.32940700887559 24.497236759940275
13.16326530612245 100.05888580676084 97.4298493834758 22.786072017871597 87.6925983039827 20.508805802667354 107.16710046296889 25.063338233075843
13.46938775510204 100.0353377035654 97.28381650631204 23.300811905008484 87.55887142794452 20.971553820824695 107.00876158467955 25.63006998919227
13.775510204081632 100.0186396564929 97.14171820542946 23.81627306763829 87.42935673570182 21.435089605292305 106.8540796751571 26.19745652998427
14.081632653061225 100.00804710747173 97.00281142022702 24.332366568465204 87.30331080744284 21.89932570103212 106.70231203301118 26.765407435898293
14.387755102040817 100.00242438344705 96.86597709240264 24.8488906090629 87.17961421774054 22.36406178993519 106.55233996706475 27.333719428190612
14.693877551020408 100.00030648291907 96.72978276325618 25.36553613174805 87.05683413286589 22.82899029265298 106.40273139364648 27.902081970843128
15.0 100.0 96.59258262890684 25.88190451025208 86.93332436601615 23.293714059226872 106.25184089179753 28.470094961277287
15.0 100.0 96.59258262890684 25.88190451025208 86.93332436601615 23.293714059226872 106.25184089179753 28.470094961277287
19.285714285714285 100.0 94.38833303083676 33.02790619551671 84.94949972775308 29.725115575965038 103.82716633392043 36.33069681506838
23.57142857142857 100.0 91.6562255869976 39.9892024319741 82.49060302829784 35.99028218877669 100.82184814569737 43.9881226751715
27.857142857142858 100.0 88.41153935046096 46.7268628273062 79.57038541541486 42.054176544575576 97.25269328550705 51.399549110036816
32.14285714285714 100.0 84.67241992282841 53.20320765153363 76.20517793054557 47.88288688638027 93.13966191511125 58.523528416687
36.42857142857143 100.0 80.45977797666684 59.38201855735016 72.41380017900016 53.44381670161514 88.50575577433354 65.32022041308517
40.714285714285715 100.0 75.7971723145453 65.22874112781211 68.21745508309078 58.705867015030904 83.37688954599984 71.75161524059332
45.0 100.0 70.71067811865477 70.71067811865476 63.639610306789294 63.63961030678928 77.78174593052024 77.78174593052023
49.285714285714285 100.0 65.22874112781211 75.7971723145453 58.705867015030904 68.21745508309077 71.75161524059332 83.37688954599983
53.57142857142857 100.0 59.38201855735016 80.45977797666684 53.44381670161514 72.41380017900016 65.32022041308517 88.50575577433354
57.857142857142854 100.0 53.20320765153366 84.67241992282841 47.88288688638029 76.20517793054557 58.52352841668702 93.13966191511125
62.14285714285714 100.0 46.72686282730621 88.41153935046096 42.05417654457559 79.57038541541486 51.39954911003684 97.25269328550705
66.42857142857143 100.0 39.98920243197409 91.65622558699762 35.99028218877668 82.49060302829785 43.9881226751715 100.82184814569739
70.71428571428572 100.0 33.02790619551669 94.38833303083676 29.725115575965024 84.94949972775309 36.330696815068364 103.82716633392045
75.0 100.0 25.88190451025208 96.59258262890684 23.293714059226872 86.93332436601615 28.470094961277287 106.25184089179753
79.28571428571428 100.0 18.591160716291473 98.25664732332882 16.732044644662324 88.43098259099594 20.450276787920618 108.08231205566172
83.57142857142857 100.0 11.196447610330791 99.37122098932424 10.076802849297712 89.43409889039181 12.31609237136387 109.30834308825666
87.85714285714286 100.0 3.739119427632561 99.93007047883987 3.365207484869305 89.93706343095589 4.1130313703958175 109.92307752672386
92.14285714285714 100.0 -3.7391194276325486 99.93007047883987 -3.365207484869294 89.93706343095587 -4.113031370395803 109.92307752672384
96.42857142857143 100.0 -11.19644761033078 99.37122098932424 -10.076802849297701 89.43409889039182 -12.316092371363858 109.30834308825668
100.71428571428571 100.0 -18.591160716291437 98.25664732332882 -16.732044644662295 88.43098259099594 -20.450276787920583 108.08231205566172
105.0 100.0 -25.88190451025209 96.59258262890684 -23.293714059226883 86.93332436601615 -28.4700949612773 106.25184089179753
109.28571428571428 100.0 -33.02790619551671 94.38833303083676 -29.725115575965035 84.94949972775309 -36.33069681506837 103.82716633392045
113.57142857142857 100.0 -39.9892024319741 91.65622558699762 -35.99028218877669 82.49060302829785 -43.9881226751715 100.82184814569739
117.85714285714286 100.0 -46.726862827306206 88.41153935046097 -42.05417654457558 79.57038541541488 -51.39954911003682 97.25269328550708
122.14285714285714 100.0 -53.20320765153363 84.67241992282842 -47.88288688638027 76.20517793054559 -58.523528416687 93.13966191511126
126.42857142857143 100.0 -59.38201855735017 80.45977797666683 -53.443816701615155 72.41380017900015 -65.32022041308518 88.50575577433351
130.71428571428572 100.0 -65.2287411278121 75.7971723145453 -58.7058670150309 68.21745508309077 -71.75161524059332 83.37688954599983
135.0 100.0 -70.71067811865474 70.71067811865477 -63.63961030678927 63.639610306789294 -77.78174593052022 77.78174593052024
139.28571428571428 100.0 -75.79717231454529 65.22874112781213 -68.21745508309077 58.70586701503092 -83.37688954599982 71.75161524059334
143.57142857142856 100.0 -80.45977797666681 59.38201855735018 -72.41380017900013 53.44381670161516 -88.5057557743335 65.3202204130852
147.85714285714286 100.0 -84.67241992282841 53.20320765153366 -76.20517793054557 47.88288688638029 -93.13966191511125 58.52352841668702
152.14285714285714 100.0 -88.41153935046096 46.72686282730621 -79.57038541541486 42.05417654457559 -97.25269328550705 51.39954911003684
156.42857142857142 100.0 -91.65622558699759 39.989202431974135 -82.49060302829783 35.990282188776725 -100.82184814569734 43.988122675171546
160.71428571428572 100.0 -94.38833303083676 33.02790619551672 -84.94949972775308 29.72511557596505 -103.82716633392043 36.33069681506839
165.0 100.0 -96.59258262890684 25.881904510252102 -86.93332436601615 23.293714059226893 -106.25184089179753 28.47009496127731
169.28571428571428 100.0 -98.25664732332882 18.591160716291498 -88.43098259099594 16.73204464466235 -108.0823120556617 20.45027678792065
173.57142857142856 100.0 -99.37122098932424 11.196447610330798 -89.43409889039181 10.076802849297719 -109.30834308825666 12.316092371363878
177.85714285714286 100.0 -99.93007047883987 3.739119427632545 -89.93706343095587 3.3652074848692908 -109.92307752672384 4.1130313703958
182.14285714285714 100.0 -99.93007047883987 -3.7391194276325646 -89.93706343095589 -3.365207484869308 -109.92307752672386 -4.113031370395821
186.42857142857142 100.0 -99.37122098932424 -11.196447610330774 -89.43409889039181 -10.076802849297696 -109.30834308825666 -12.316092371363851
190.71428571428572 100.0 -98.25664732332882 -18.591160716291476 -88.43098259099594 -16.73204464466233 -108.0823120556617 -20.450276787920625
195.0 100.0 -96.59258262890684 -25.881904510252085 -86.93332436601615 -23.293714059226875 -106.25184089179753 -28.470094961277294
199.28571428571428 100.0 -94.38833303083676 -33.0279061955167 -84.94949972775308 -29.725115575965027 -103.82716633392043 -36.33069681506837
203.57142857142856 100.0 -91.65622558699762 -39.98920243197407 -82.49060302829785 -35.99028218877667 -100.82184814569739 -43.98812267517148
207.85714285714286 100.0 -88.41153935046097 -46.7268628273062 -79.57038541541488 -42.054176544575576 -97.25269328550706 -51.399549110036816
212.14285714285714 100.0 -84.67241992282842 -53.20320765153363 -76.20517793054559 -47.88288688638027 -93.13966191511126 -58.523528416687
216.42857142857142 100.0 -80.45977797666686 -59.382018557350136 -72.41380017900018 -53.44381670161512 -88.50575577433354 -65.32022041308515
220.71428571428572 100.0 -75.7971723145453 -65.22874112781211 -68.21745508309078 -58.705867015030904 -83.37688954599984 -71.75161524059332
225.0 100.0 -70.71067811865477 -70.71067811865474 -63.639610306789294 -63.63961030678927 -77.78174593052024 -77.78174593052022
225.0 100.0 -70.71067811865477 -70.71067811865474 -63.639610306789294 -63.63961030678927 -77.78174593052024 -77.78174593052022
225.30612244897958 100.00030648291907 -70.33209005233398 -71.08768110965592 -63.29890260261879 -63.97893478578357 -77.36527750204918 -78.19642743352827
225.6122448979592 100.00242438344705 -69.95275906951036 -71.46395161989074 -62.95765275075902 -64.31772970972274 -76.9478653882617 -78.61017353005873
225.91836734693877 100.00804710747173 -69.57385329259957 -71.84071564419523 -62.617027786564705 -64.65722214321795 -76.53067879863444 -79.0242091451725
226.22448979591837 100.0186396564929 -69.19635660275662 -72.21905919935205 -62.27801049842979 -64.99849916700374 -76.11470270708344 -79.43961923170036
226.53061224489795 100.0353377035654 -68.82100329169624 -72.59985051906588 -61.94133407963906 -65.34243007288306 -75.70067250375344 -79.8572709652487
226.83673469387756 100.05888580676084 -68.44824191167642 -72.98368864404587 -61.60744597838296 -65.68961495377953 -75.28903784496988 -80.27776233431221
227.14285714285714 100.08958269404712 -68.07820548335887 -73.37085594453745 -61.27647810564968 -66.04033722623919 -74.87993286106807 -80.70137466283572
227.44897959183675 100.1274605124621 -67.71084132663694 -73.76144192946374 -60.948376666084656 -66.39468743954204 -74.47330598718924 -81.12819641938543
227.75510204081633 100.17252244121165 -67.34607601694833 -74.15551427476228 -60.623067114335164 -66.75273430400912 -74.0690849195615 -81.55829424551544
228.0612244897959 100.22476354373231 -66.98382989734199 -74.55313380187991 -60.30046866714921 -67.11453966946779 -73.66719112753478 -81.99172793429202
228.3673469387755 100.28418840397589 -66.62402896412709 -74.95436750737936 -59.980506189056634 -67.48017155482901 -73.26755173919756 -82.42856345992972
228.6734693877551 100.35079455366063 -66.26659374140914 -75.35927628011062 -59.66309906693754 -67.8496918652295 -72.87008841588073 -82.86886069499172
228.9795918367347 100.42458058233983 -65.91144475289767 -75.76792088822674 -59.34816668186249 -68.2231623790186 -72.47472282393285 -83.31267939743489
229.28571428571428 100.50555177918865 -65.55850618912612 -76.1803662677562 -59.03563207634491 -68.60064903630166 -72.08138030190733 -83.76008349921072
229.59183673469389 100.59370214980858 -65.20769412264004 -76.59666793936026 -58.72541016956216 -68.98220835566892 -71.68997807571793 -84.2111275230516
229.89795918367346 100.68903522031637 -64.85893014620149 -77.01688771878715 -58.4174213955928 -69.36790314462101 -71.30043889681019 -84.6658722929533
230.20408163265307 100.79155063810038 -64.51213261088932 -77.44108357989178 -58.111582941549976 -69.7577923625605 -70.91268228022867 -85.12437479722306
230.51020408163265 100.90124522965547 -64.16721738623731 -77.86931039762993 -57.807809507752765 -70.15193186375791 -70.52662526472187 -85.58668893150194
230.81632653061226 101.01812231537515 -63.82410381207627 -78.30162711406074 -57.50601925960165 -70.55038156332621 -70.14218836455088 -86.05287266479525
231.12244897959184 101.14204840347065 -63.482624625508436 -78.73798527970342 -57.2060437545865 -70.95309397854983 -69.75920549643037 -86.52287658085702
231.42857142857142 101.27250556211303 -63.142374426659345 -79.17803315687863 -56.90747640807201 -71.35971833219833 -69.37727244524669 -86.99634798155891
231.73469387755102 101.40854804818613 -62.80269089743861 -79.62107530850145 -56.60965371209238 -71.76956014129206 -68.99572808278484 -87.47259047571083
232.0408163265306 101.54886103164326 -62.46270001491359 -80.06611195550157 -56.31170044875894 -72.1816205744951 -68.61369958106823 -87.95060333650805
232.3469387755102 101.69185538683908 -62.121381921344664 -80.51190818879047 -56.01259556032952 -72.59466566405527 -68.2301682823598 -88.42915071352567
232.6530612244898 101.83576265416922 -61.77763458105926 -80.95706529343438 -55.71123580611671 -73.0072976299504 -67.84403335600182 -88.90683295691836
232.9591836734694 101.97875700936504 -61.43035134942133 -81.40011556663646 -55.40651333149177 -73.41804969784368 -67.45418936735089 -89.38218143542923
233.26530612244898 102.11906999282216 -61.07849112667649 -81.83961374473498 -55.09738582176433 -73.82547752605541 -67.05959643158864 -89.85374996341454
233.57142857142858 102.25511247889527 -60.721149868056834 -82.27423647031011 -54.78294801232182 -74.22825867264342 -66.65935172379184 -90.3202142679768
233.87755102040816 102.38556963753764 -60.35761300132204 -82.7028622405882 -54.46248410620545 -74.62527254378128 -66.25274189643864 -90.78045193739514
234.18367346938777 102.50949572563316 -59.98740523125445 -83.12465294691384 -54.13551757864021 -75.01568193320432 -65.83929288386868 -91.23362396062335
234.48979591836735 102.62637281135282 -59.61031685321107 -83.539107734489 -53.801837490622034 -75.39898688192315 -65.4187962158001 -91.67922858705485
234.79591836734693 102.73606740290792 -59.22636957912086 -83.94603440241967 -53.46146431495028 -75.77499607824457 -64.99127484329146 -92.11707272659477
235.10204081632654 102.83858282069193 -58.83566653507142 -84.34535233160265 -53.11449993384972 -76.1436297856331 -64.55683313629312 -92.54707487757221
235.40816326530611 102.93391589119972 -58.43830791241971 -84.73697663375656 -52.76104329011694 -76.5048039917167 -64.11557253472247 -92.9691492757964
235.71428571428572 103.02206626181965 -58.03439634844254 -85.12082575566708 -52.40119576780632 -76.85843801250714 -63.667596929078755 -93.38321349882703
236.0204081632653 103.10303745866847 -57.62403744654821 -85.49682240622984 -52.03506171247749 -77.20445541941788 -63.21301318061893 -93.78918939304178
236.3265306122449 103.17682348734766 -57.20733225172072 -85.86488246996284 -51.662740906675495 -77.54277295275209 -62.751923596765955 -94.18699198717357
236.6326530612245 103.2434296370324 -56.784388895092945 -86.22493224716217 -51.28434021453992 -77.87331776183379 -62.284437575645974 -94.57654673249056
236.9387755102041 103.30285449727599 -56.35531252293911 -86.57689355553963 -50.89996351083362 -78.19601250662122 -61.810661535044595 -94.95777460445802
237.24489795918367 103.35509559979664 -55.92020848923307 -86.92068838293798 -50.50971487353725 -78.5107800103982 -61.33070210492889 -95.33059675547776
237.55102040816325 103.4001575285462 -55.47918672171141 -87.25624572273121 -50.11370294994878 -78.81755009515038 -60.84467049347404 -95.69494135031205
237.85714285714286 103.43803534696117 -55.03235273631055 -87.58348764890263 -49.71203197115718 -79.1162456566198 -60.35267350146391 -96.05072964118547
238.16326530612244 103.46873223424745 -54.579817145821366 -87.90234416948789 -49.304811260733715 -79.40679751772436 -59.85482303090902 -96.39789082125142
238.46938775510205 103.49228033744289 -54.121706371255726 -88.21277112134867 -48.892165946135265 -79.68916232330831 -59.351246796376195 -96.73637991938901
238.77551020408163 103.5089783845154 -53.65828514794754 -88.51495377159516 -48.47435946484229 -79.96352614154169 -58.84221083105279 -97.06638140164861
239.08163265306123 103.51957093353657 -53.1900425125544 -88.80946426916539 -48.051879551397576 -80.2304619154767 -58.32820547371122 -97.38846662285408
239.3877551020408 103.52519365756125 -52.717653653362014 -89.09722058021633 -47.625400087747785 -80.49088839841617 -57.80990721897624 -97.7035527620165
239.69387755102042 103.52731155808922 -52.24193960767052 -89.37943826448104 -47.19574080066706 -80.74602193024829 -57.28813841467397 -98.01285459871379
240.0 103.5276180410083 -51.76380902050418 -89.6575472168053 -46.763809020504176 -80.99729317896092 -56.76380902050418 -98.3178012546497
240.0 103.5276180410083 -51.76380902050418 -89.6575472168053 -46.763809020504176 -80.99729317896092 -56.76380902050418 -98.3178012546497
240.30612244897958 103.52731155808922 -51.283894309188334 -89.93256597545559 -46.33023584579696 -81.2457214489275 -56.2375527725797 -98.61941050198368
240.6122448979592 103.52519365756125 -50.80162960237204 -90.20343758182919 -45.894454082332665 -81.4902505405953 -55.70880512241142 -98.91662462306307
240.91836734693877 103.51957093353657 -50.31623089730645 -90.46866017882907 -45.45567840046395 -81.72937934883863 -55.176783394148934 -99.2079410088195
241.22448979591837 103.5089783845154 -49.82705600703285 -90.72691494742938 -45.01326528233502 -81.96178979950291 -54.64084673173068 -99.49204009535586
241.53061224489795 103.49228033744289 -49.33364754368238 -90.97715817434388 -44.566756005219126 -82.18643891705172 -54.100539082145644 -99.76787743163607
241.83673469387756 103.46873223424745 -48.83575453006876 -91.21868026693471 -44.11589825314953 -82.40261783945462 -53.555610806987985 -100.0347426944148
242.14285714285714 103.43803534696117 -48.33334888783503 -91.45115932412232 -43.66066260510441 -82.6100053890762 -53.006035170565646 -100.29231325916841
242.44897959183675 103.4001575285462 -47.82653207388679 -91.67450794366799 -43.20114917147844 -82.80851487993799 -52.45191497629514 -100.54050100739798
242.75510204081633 103.35509559979664 -47.31542000943868 -91.88866532806703 -42.737472523167696 -82.99808622359105 -51.893367495709676 -100.77924443254302
243.0612244897959 103.30285449727599 -46.800132938368996 -92.09357906084637 -42.26975154996283 -83.17866770539347 -51.33051432677517 -101.00849041629925
243.3673469387755 103.2434296370324 -46.28078731808801 -92.28918944510653 -41.79810135145604 -83.35020032303234 -50.76347328471997 -101.22817856718072
243.6734693877551 103.17682348734766 -45.75750338609256 -92.47544424770837 -41.32264080363443 -83.51263253069051 -50.19236596855069 -101.43825596472624
243.9795918367347 103.10303745866847 -45.230401423367525 -92.65229150045141 -40.84348882232032 -83.66591304020542 -49.61731402441473 -101.63866996069741
244.28571428571428 103.02206626181965 -44.69959932129515 -92.81967440887964 -40.36076193011957 -83.80998572985544 -49.038436712470734 -101.82936308790383
244.59183673469389 102.93391589119972 -44.16522044851178 -92.97754752321084 -39.87458212331739 -83.94480581527006 -48.455858773706176 -102.01028923115163
244.89795918367346 102.83858282069193 -43.62738454278129 -93.1258580337631 -39.385067763790914 -84.07032114483725 -47.86970132177167 -102.18139492268894
245.20408163265307 102.73606740290792 -43.08621354989744 -93.26455783065435 -38.89233941795087 -84.18648425938443 -47.280087681844 -102.34263140192428
245.51020408163265 102.62637281135282 -42.54183108094702 -93.39360258976492 -38.39651931404406 -84.29325147812226 -46.68714284784997 -102.49395370140759
245.81632653061226 102.50949572563314 -41.99435851716514 -93.51294331083477 -37.89772744704817 -84.3905744367236 -46.09098958728211 -102.63531218494593
246.12244897959184 102.38556963753764 -41.44397316537317 -93.62265729122889 -37.39613973414924 -84.47853106107077 -45.491806596597115 -102.76678352138701
246.42857142857142 102.25511247889527 -40.89100392622828 -93.72317656789437 -36.89208368303087 -84.5575540091946 -44.8899241694257 -102.88879912659412
246.73469387755102 102.11906999282216 -40.33593897550834 -93.81533181289174 -36.38604607319896 -84.62847456678816 -44.28583187781773 -103.00218905899533
247.0408163265306 101.97875700936504 -39.779392276985625 -93.90030261532075 -35.87863946889515 -84.69247292911487 -43.68014508507609 -103.10813230152664
247.3469387755102 101.83576265416922 -39.22205786942003 -93.97953357962652 -35.37055650613012 -84.75099429929749 -43.07355923270994 -103.20807285995556
247.6530612244898 101.69185538683908 -38.66466683798058 -94.05464895647506 -34.862526864145025 -84.80566351917646 -42.46680681181614 -103.30363439377368
247.9591836734694 101.54886103164326 -38.107936928256514 -94.12734097963256 -34.355266879462775 -84.85817340617234 -41.860606977050246 -103.39650855309279
248.26530612244898 101.40854804818613 -37.55252844507685 -94.19926339745427 -33.84943544474782 -84.91017828475808 -41.25562144540588 -103.48834851015046
248.57142857142858 101.27250556211303 -36.9990009222138 -94.27191688719518 -33.345590678549854 -84.96317940075313 -40.65241116587775 -103.58065437363722
248.87755102040816 101.14204840347065 -36.44778318227411 -94.34655826445359 -32.84415998523557 -85.01843413075095 -40.05140637931264 -103.67468239815624
249.18367346938777 101.01812231537514 -35.89914633239484 -94.42410883206361 -32.34541305072496 -85.0768643309953 -39.452879614064734 -103.77135333313193
249.48979591836735 100.90124522965547 -35.353192286404656 -94.50509554545494 -31.84945036469306 -85.13899750272441 -38.85693420811626 -103.87119358818548
249.79591836734693 100.79155063810038 -34.809879371335576 -94.58968748328657 -31.356228827122493 -85.20500326278896 -38.26352991554865 -103.97437170378416
250.10204081632654 100.68903522031637 -34.269116211782666 -94.67792502828442 -30.865655632703834 -85.27492252447445 -37.67257679086149 -104.08092753209438
250.40816326530611 100.59370214980858 -33.73081321940701 -94.76985360209163 -30.37763976037937 -85.3488012323363 -37.083986678434655 -104.19090597184697
250.71428571428572 100.50555177918865 -33.19487936291692 -94.86551492782066 -29.892088743365246 -85.42668162473697 -36.497669982468594 -104.30434823090432
251.0204081632653 100.42458058233983 -32.66122190468517 -94.96494600025727 -29.408908405809697 -85.5086012040354 -35.913535403560644 -104.42129079647914
251.3265306122449 100.35079455366063 -32.1297507986813 -95.0681917423785 -28.928007260766353 -85.59460539309029 -35.33149433659624 -104.54177809166671
251.6326530612245 100.28418840397589 -31.600371903921875 -95.17528533909399 -28.44928972368567 -85.6847278689873 -34.75145408415808 -104.66584280920067
251.9387755102041 100.22476354373231 -31.072992855497358 -95.28626523481368 -27.97266198348299 -85.77900756059266 -34.17332372751173 -104.79352290903472
252.24489795918367 100.17252244121165 -30.54752118416954 -95.4011698132563 -27.498030122177266 -85.8774833283478 -33.59701224616182 -104.92485629816483
252.55102040816325 100.1274605124621 -30.02386186736779 -95.52002966521668 -27.02529766592867 -85.98018623202304 -33.02242606880691 -105.05987309841032
252.85714285714286 100.08958269404712 -29.50192240369844 -95.64288336491458 -26.554370659589402 -86.08715530705317 -32.44947414780748 -105.198611422776
253.16326530612244 100.05888580676084 -28.981607471799403 -95.76976066191745 -26.08515232559977 -86.19842075644686 -31.878062617999035 -105.34110056738804
253.46938775510205 100.0353377035654 -28.462813214615785 -95.90066242407435 -25.61753734830546 -86.31398389370776 -31.30808908092611 -105.48734095444097
253.77551020408163 100.0186396564929 -27.945361602672833 -96.03533226699034 -25.15134623727202 -86.43358877229605 -30.739376968073646 -105.63707576168463
254.08163265306123 100.00804710747173 -27.42895812762747 -96.17308221266045 -24.686283020878165 -86.55654784425008 -30.171633234376777 -105.7896165810708
254.3877551020408 100.00242438344705 -26.913218022892323 -96.31284222895363 -24.22196146698155 -86.68179149965792 -29.604474578803096 -105.94389295824934
254.69387755102042 100.00030648291907 -26.397692710922183 -96.453217241404 -23.757931530247088 -86.80792507843658 -29.03745389159728 -106.09850940437144
255.0 100.0 -25.881904510252067 -96.59258262890684 -23.29371405922686 -86.93332436601615 -28.470094961277276 -106.25184089179753
255.0 100.0 -25.881904510252067 -96.59258262890684 -23.29371405922686 -86.93332436601615 -28.470094961277276 -106.25184089179753
256.83673469387753 100.0 -22.77266215204245 -97.37251079493092 -20.495395936838204 -87.63525971543783 -25.049928367246697 -107.109761874424
258.6734693877551 100.0 -19.640019344070975 -98.0523821238654 -17.676017409663878 -88.24714391147886 -21.604021278478072 -107.85762033625194
260.51020408163265 100.0 -16.487195088585178 -98.63149800196148 -14.838475579726662 -88.76834820176533 -18.135914597443698 -108.49464780215763
262.3469387755102 100.0 -13.317429125634158 -99.10926334850699 -11.985686213070743 -89.19833701365629 -14.649172038197575 -109.02018968335769
264.18367346938777 100.0 -10.13397860401657 -99.48518722731204 -9.120580743614912 -89.53666850458085 -11.147376464418226 -109.43370595004325
266.0204081632653 100.0 -6.9401147343404315 -99.75888335117926 -6.246103260906389 -89.78299501606134 -7.634126207774474 -109.7347716862972
267.85714285714283 100.0 -3.7391194276326396 -99.93007047883987 -3.3652074848693756 -89.93706343095587 -4.113031370395904 -109.92307752672384
269.6938775510204 100.0 -0.5342819229534483 -99.99857270394816 -0.48085373065810355 -89.99871543355334 -0.5877101152487932 -109.99842997434297
271.53061224489795 100.0 2.671104592518212 -99.96431963583723 2.4039941332663908 -89.96788767225351 2.9382150517700327 -109.96075159942095
273.36734693877554 100.0 5.8737463674581525 -99.82734647184995 5.286371730712338 -89.84461182466495 6.461121004203968 -109.81008111903495
275.2040816326531 100.0 9.070352470948267 -99.58779396117158 8.16331722385344 -89.62901456505442 9.977387718043094 -109.54657335728874
277.0408163265306 100.0 12.257638174131047 -99.24590826020024 11.031874356717942 -89.32131743418022 13.483401991544152 -109.17049908622027
278.8775510204082 100.0 15.432328325490605 -98.80204067960469 13.889095492941545 -88.92183661164422 16.975561158039664 -108.68224474756515
280.7142857142857 100.0 18.59116071629147 -98.25664732332882 16.732044644662324 -88.43098259099594 20.450276787920615 -108.08231205566172
282.55102040816325 100.0 21.730889432719458 -97.61028861991406 19.557800489447512 -87.84925975792265 23.903978375991404 -107.37131748190546
284.38775510204084 100.0 24.848288191277184 -96.86362874662109 22.363459372149467 -87.17726587195898 27.3331170104049 -106.5499916212832
286.2244897959184 100.0 27.940153654008103 -96.01743494694294 25.146138288607293 -86.41569145224865 30.734169019408913 -105.61917844163725
288.0612244897959 100.0 31.003308720143668 -95.07257674221029 27.9029778481293 -85.56531906798926 34.10363959215803 -104.57983441643132
289.8979591836735 100.0 34.03460579078835 -94.0300250380996 30.631145211709512 -84.62702253428964 37.43806636986718 -103.43302754190955
291.734693877551 100.0 37.03093000329038 -92.89085112696195 33.32783700296134 -83.60176601426575 40.73402300361942 -102.17993623965815
293.57142857142856 100.0 39.98920243197403 -91.65622558699764 35.990282188776625 -82.49060302829788 43.98812267517143 -100.8218481456974
295.40816326530614 100.0 42.906383251943915 -90.32741707940787 38.61574492674952 -81.29467537146708 47.19702157713831 -99.36015878734865
297.2448979591837 100.0 45.77947486270987 -88.90579104475992 41.20152737643888 -80.01521194028393 50.357422348980855 -97.79637014923591
299.0816326530612 100.0 48.60552496842486 -87.39280829990432 43.74497247158238 -78.6535274699139 53.46607746526735 -96.13208912989475
300.9183673469388 100.0 51.38162961156826 -85.7900235368869 46.243466650411435 -77.21102118319821 56.51979257272508 -94.3690258905756
302.7551020408163 100.0 54.104936156958146 -84.09908372539788 48.69444254126233 -75.68917535285809 59.51542977265397 -92.50899209793766
304.59183673469386 100.0 56.77264622302759 -82.32172642039859 51.09538160072483 -74.08955377835873 62.44991084533035 -90.55389906243845
306.42857142857144 100.0 59.38201855735016 -80.45977797666683 53.44381670161514 -72.41380017900015 65.32022041308517 -88.50575577433352
308.265306122449 100.0 61.93037185346222 -78.51515167209381 55.737334668116 -70.66363650488442 68.12340903880845 -86.36666683930319
310.1020408163265 100.0 64.4150875060869 -76.48984574166147 57.97357875547822 -68.84086116749532 70.8565962566956 -84.13883031582762
311.9387755102041 100.0 66.83361230192787 -74.38594132412116 60.150251071735084 -66.94734719170904 73.51697353212066 -81.82453545653328
313.7755102040816 100.0 69.18346104326822 -72.20560032348314 62.2651149389414 -64.98504029113482 76.10180714759505 -79.42616035583146
315.61224489795916 100.0 71.46221910167989 -69.95106318751344 64.3159971915119 -62.955956868762094 78.60844101184789 -76.94616950626478
317.44897959183675 100.0 73.66754489921695 -67.62464660552287 66.30079040929526 -60.86218194497058 81.03429938913865 -74.38711126607515
319.2857142857143 100.0 75.7971723145453 -65.2287411278121 68.21745508309078 -58.7058670150309 83.37688954599984 -71.75161524059332
321.1224489795918 100.0 77.84891301153584 -62.76580870921943 70.06402171038226 -56.48922783829749 85.63380431268943 -69.04238958014137
322.9591836734694 100.0 79.82065868792773 -60.23838017929556 71.83859281913496 -54.214542161366005 87.80272455672049 -66.26221819722511
324.7959183673469 100.0 81.71038324175099 -57.64905264170592 73.53934491757589 -51.88414737753533 89.88142156592608 -63.413957905876515
326.63265306122446 100.0 83.51614485328385 -55.00048680553028 75.16453036795546 -49.50043812497725 91.86775933861223 -60.50053548608331
328.46938775510205 100.0 85.23608798040351 -52.29540425120464 76.71247918236315 -47.065863826084176 93.75969677844385 -57.5249446763251
330.3061224489796 100.0 86.86844526528093 -49.53658463391364 78.18160073875283 -44.58292617052228 95.55528979180902 -54.49024309730501
332.1428571428571 100.0 88.41153935046093 -46.72686282730626 79.57038541541483 -42.05417654457564 97.25269328550701 -51.399549110036894
333.9795918367347 100.0 89.86378460245994 -43.86912601047211 80.87740614221394 -39.4822134094249 98.85016306270593 -48.25603861151932
335.81632653061223 100.0 91.22368874111169 -40.966310701169704 82.10131986700051 -36.86967963105273 100.34605761522286 -45.06294177128667
337.6530612244898 100.0 92.48985437298612 -38.02139973835551 83.2408689356875 -34.21925976451996 101.73883981028473 -41.82353971219107
339.48979591836735 100.0 93.6609804273053 -35.03741921711602 84.29488238457478 -31.533677295404416 103.02707847003583 -38.54116113882762
341.3265306122449 100.0 94.73586349288207 -32.01743537914952 85.26227714359386 -28.815691841234564 104.20944984217029 -35.21917891706447
343.16326530612247 100.0 95.71339905470589 -28.96455146199627 86.1420591492353 -26.06809631579664 105.28473896017647 -31.861006608195897
345.0 100.0 96.59258262890684 -25.881904510252074 86.93332436601615 -23.293714059226865 106.25184089179753 -28.470094961277283
345.0 100.0 96.59258262890684 -25.881904510252074 86.93332436601615 -23.293714059226865 106.25184089179753 -28.470094961277283
345.3061224489796 100.00030648291907 96.72978276325618 -25.365536131748065 87.05683413286589 -22.82899029265299 106.40273139364648 -27.90208197084314
345.61224489795916 100.00242438344705 96.86597709240263 -24.848890609062924 87.17961421774052 -22.364061789935207 106.55233996706474 -27.333719428190637
345.9183673469388 100.00804710747173 97.00281142022702 -24.332366568465165 87.30331080744286 -21.89932570103208 106.7023120330112 -26.765407435898247
346.2244897959184 100.0186396564929 97.14171820542946 -23.816273067638264 87.42935673570182 -21.435089605292283 106.8540796751571 -26.19745652998424
346.53061224489795 100.0353377035654 97.28381650631205 -23.300811905008473 87.55887142794454 -20.97155382082469 107.00876158467956 -25.63006998919226
346.83673469387753 100.05888580676084 97.4298493834758 -22.786072017871607 87.6925983039827 -20.50880580266736 107.16710046296889 -25.063338233075854
347.14285714285717 100.08958269404712 97.58012788705737 -22.27202742037707 87.83084876523912 -20.04681808081393 107.3294070088756 -24.497236759940208
347.44897959183675 100.1274605124621 97.73470319400474 -21.75858773575293 87.97367433201333 -19.585498792480987 107.49573205599614 -23.93167667902487
347.7551020408163 100.17252244121165 97.89359720111787 -21.24565553849402 88.12109723651244 -19.124749024338655 107.66609716572331 -23.366562052649382
348.0612244897959 100.22476354373231 98.05682275283931 -20.733131432933835 88.27313065063215 -18.66446789112492 107.84051485504646 -22.80179497474275
348.3673469387755 100.28418840397589 98.22440086804896 -20.220917831714697 88.42979591274229 -18.204556314158356 108.01900582335563 -22.23727934927104
348.6734693877551 100.35079455366063 98.39634454009044 -19.708915462267875 88.5911063277039 -17.744913527860778 108.20158275247698 -21.672917396674976
348.9795918367347 100.42458058233983 98.57266665758279 -19.19702511203058 88.75707508767213 -17.285438825016854 108.38825822749344 -21.108611399044307
349.2857142857143 100.50555177918865 98.75338555204303 -18.685148660064545 88.92772081971015 -16.826032588435396 108.57905028437591 -20.544264731693698
349.59183673469386 100.59370214980856 98.93850734204702 -18.17318566273145 89.10304992994149 -16.366592876667454 108.77396475415254 -19.979778448795447
349.8979591836735 100.68903522031638 99.12804635798418 -17.661037309497264 89.28307702829665 -15.907019379853448 108.97301568767169 -19.415055239141083
350.2040816326531 100.79155063810038 99.32201198222486 -17.14860390339486 89.46781176867245 -15.447210900228534 109.1762121957773 -18.84999690656119
350.51020408163265 100.90124522965547 99.52040967264189 -16.63578514782505 89.65725987244575 -14.987065638966532 109.38355947283804 -18.28450465668357
350.81632653061223 101.01812231537514 99.72325014447107 -16.122481718002987 89.85143231032657 -14.52648276766919 109.59506797861557 -17.718480668336785
351.1224489795918 101.14204840347064 99.93040780778252 -15.608572984750262 90.05020373982204 -14.065340152201196 109.81061187574298 -17.151805817299326
351.42857142857144 101.27250556211304 100.14137534887315 -15.093883730316556 90.25306708662187 -13.603461068554811 110.02968361112444 -16.5843063920783
351.734693877551 101.40854804818613 100.35521934251545 -14.57818808895283 90.45908915684021 -13.140618143466012 110.25134952819072 -16.01575803443965
352.0408163265306 101.54886103164326 100.57063694317009 -14.061229024131006 90.6669673282217 -12.676552831677261 110.47430655811847 -15.445905216584748
352.3469387755102 101.69185538683907 100.78604875932521 -13.54274076768468 90.87512242447451 -12.210997855121263 110.69697509417591 -14.874483680248098
352.6530612244898 101.83576265416923 100.99969245047929 -13.02246828619215 91.08179231224683 -11.743696669347093 110.91759258871176 -14.301239903037208
352.9591836734694 101.97875700936504 101.20974362640695 -12.500187048684314 91.28515280038692 -11.274423231271205 111.13433445242697 -13.725950866097422
353.265306122449 102.11906999282216 101.41443010218484 -11.975718068156768 91.48343189496329 -10.80299704073275 111.34542830940639 -13.148439095580786
353.57142857142856 102.25511247889526 101.61215379428508 -11.44894009758435 91.67503169535264 -10.329295336551269 111.5492758932175 -12.568584858617431
353.8775510204082 102.38556963753766 101.80158616669523 -10.919795050640698 91.8586238403547 -9.8532585172895 111.74454849303577 -11.986331583991895
354.18367346938777 102.50949572563316 101.98176374841958 -10.388290363920952 92.03324502568837 -9.374892503519293 111.93028247115079 -11.401688224322609
354.48979591836735 102.62637281135282 102.15214793415807 -9.854494855275927 92.19835680466609 -8.89426459619911 112.10593906365004 -10.814725114352743
354.7959183673469 102.73606740290792 102.3125831290183 -9.31852342823469 92.35380373290114 -8.411488181139866 112.27136252513546 -10.225558675329511
355.1020408163265 102.83858282069191 102.46305107785261 -8.780505702160475 92.49956769764054 -7.926691359204188 112.42653445806468 -9.63432004511676
355.40816326530614 102.93391589119973 102.60352836093142 -8.24057088945425 92.63562541343427 -7.440001823553322 112.57143130842859 -9.04113995535518
355.7142857142857 103.02206626181965 102.73399566973768 -7.698848653212547 92.76195769792588 -6.951547717348308 112.70603364154948 -8.446149589076786
356.0204081632653 103.10303745866847 102.85443886991574 -7.1554690942215915 92.87855053479781 -6.461457620787548 112.83032720503365 -7.849480567655636
356.3265306122449 103.17682348734766 102.9648356378133 -6.610561777745551 92.98538171030992 -5.969859577938422 112.94428956531665 -7.25126397755268
356.6326530612245 103.2434296370324 103.06517621318098 -6.064257197944265 93.08244156599598 -5.4768825611984635 113.04791086036597 -6.6516318346900665
356.9387755102041 103.30285449727599 103.15544546130812 -5.516685505306746 93.16971506079646 -4.982655198772262 113.14117586181978 -6.050715811841229
357.2448979591837 103.35509559979664 103.23562849867176 -4.96797694512915 93.24718739670494 -4.487306213192937 113.22406960063857 -5.448647677065363
357.55102040816325 103.4001575285462 103.30571879559822 -4.418262220936855 93.31485212142724 -3.9909647847876806 113.29658546976921 -4.84555965708603
357.85714285714283 103.43803534696117 103.36570162414559 -3.867671675219748 93.3726945762616 -3.4937597324564837 113.35870867202958 -4.241583617983013
358.16326530612247 103.46873223424745 103.41557167589016 -3.3163360974468126 93.42070951388328 -2.9958203217302595 113.41043383789705 -3.6368518731633652
358.46938775510205 103.49228033744289 103.45535391493814 -2.764387052995304 93.45892195135441 -2.497276593743478 113.45178587852186 -3.0314975122471295
358.7755102040816 103.5089783845154 103.4853411549804 -2.2119611758343027 93.48762474717732 -1.998263657961283 113.48305756278349 -2.425658693707323
359.0816326530612 103.51957093353657 103.50627340986087 -1.6591959096637519 93.50755795186154 -1.4989174333620083 113.50498886786018 -1.8194743859654956
359.38775510204084 103.52519365756125 103.51928325573407 -1.1062170016128385 93.51985417008046 -0.9993621421791086 113.51871234138768 -1.2130718610465687
359.6938775510204 103.52731155808922 103.52583391685879 -0.553127710974573 93.52597664646396 -0.4996995186792276 113.5256911872536 -0.6065559032699185
360.0 103.5276180410083 103.5276180410083 -2.5356953211454117e-14 93.5276180410083 -2.290765961315941e-14 113.5276180410083 -2.7806246809748823e-14
